#J:\awww\www\fwphp\glomodul4\help_sw\eurojp.txt
#https://www.euro-jackpot.net/hr/rezultati-arhiva-2019
#
20180105 2 7 38 40 45 7 10
20180112 16 17 25 40 44 2 9
20180119 3 9 17 45 47 4 9
20180126 10 23 26 29 35 3 5
#
20180202 15 24 29 33 41 7 8
20180209 7 8 24 34 46 4 8
20180216 4 8 19 25 44 9 10
20180223 18 26 33 42 46 4 10
#
20180302 16 18 20 27 46 3 5
20180309 15 23 28 33 36 4 7
20180316 4 27 37 48 49 3 4
20180323 4 14 22 33 42 1 10
20180330 5 15 17 29 32 5 7
#
20180406 6 8 16 23 50 4 8
20180413 3 10 21 25 34 7 10
20180420 22 24 25 28 46 2 4
20180427 9 21 31 32 33 9 10
#
20180504 24 26 29 36 49 3 6
20180511 3 14 17 37 39 5 10
20180518 1 11 23 41 44 2 8
20180525 15 31 35 40 46 3 8
#
20180601 14 19 21 30 32 4 7
20180608 5 13 22 36 39 9 10
20180615 1 5 7 9 21 3 10
20180622 16 24 33 35 43 6 7
20180629 9 18 30 47 48 4 6
#
20180706 2 7 24 38 45 5 8
20180713 13 14 21 34 46 2 5
20180720 13 33 40 42 43 7 9
20180727 2 22 40 43 50 3 8
#
20180803 4 8 12 25 31 7 8
20180810 4 15 17 21 23 6 7
20180817 2 12 32 43 44 3 4
20180824 8 25 26 38 48 6 9
20180831 3 6 9 18 24 2 7
#
20180907 4 7 28 36 43 1 6
20180914 24 33 35 46 49 5 9
20180921 5 8 16 42 46 2 10
20180928 3 8 13 18 40 6 10
#
20181005 12 15 32 44 49 5 7
20181012 6 26 31 42 50 2 9
20181019 9 12 28 32 48 7 8
20181026 18 19 33 38 44 4 10
#
20181102 5 17 27 33 42 9 10
20181109 8 32 34 46 49 3 5
20181116 13 15 18 39 45 5 6
20181123 17 22 28 31 46 5 10
20181130 18 22 35 36 41 3 4
#
20181207 4 16 21 31 42 4 6
20181214 4 14 24 26 30 9 10
20181221 3 16 20 34 49 2 10
20181228 19 24 31 38 40 7 10
#
20190104 3 10 25 32 43 1 3
20190111 6 12 35 39 49 4 9
20190118 2 9 23 36 47 2 9
20190125 24 25 28 35 48 4 8
#
#
#
